UNITS=MM
#Layer_Color=9474304
#
#Feature symbol names
#
$0 r127

#
#Feature attribute names
#

#
#Layer features
#
L 3.302 22.606 3.302 23.114 0 P 0
L 3.302 22.606 3.556 22.606 0 P 0
L 3.302 23.114 3.556 23.114 0 P 0
L 3.302 30.226 3.302 30.734 0 P 0
L 3.302 30.226 3.556 30.226 0 P 0
L 3.302 30.734 3.556 30.734 0 P 0
L 3.556 22.352 3.556 22.606 0 P 0
L 3.556 22.352 4.064 22.352 0 P 0
L 3.556 23.114 3.556 23.368 0 P 0
L 3.556 23.368 4.064 23.368 0 P 0
L 3.556 29.972 3.556 30.226 0 P 0
L 3.556 29.972 4.064 29.972 0 P 0
L 3.556 30.734 3.556 30.988 0 P 0
L 3.556 30.988 4.064 30.988 0 P 0
L 4.064 22.352 4.064 22.606 0 P 0
L 4.064 22.606 4.318 22.606 0 P 0
L 4.064 23.114 4.064 23.368 0 P 0
L 4.064 23.114 4.318 23.114 0 P 0
L 4.064 29.972 4.064 30.226 0 P 0
L 4.064 30.226 4.318 30.226 0 P 0
L 4.064 30.734 4.064 30.988 0 P 0
L 4.064 30.734 4.318 30.734 0 P 0
L 4.318 22.606 4.318 23.114 0 P 0
L 4.318 30.226 4.318 30.734 0 P 0
L 10.287 16.256 10.795 15.748 0 P 0
L 10.287 16.256 10.795 16.764 0 P 0
L 10.795 15.748 11.303 16.256 0 P 0
L 10.795 16.764 11.303 16.256 0 P 0
L 14.351 16.256 14.859 15.748 0 P 0
L 14.351 16.256 14.859 16.764 0 P 0
L 14.859 15.748 15.367 16.256 0 P 0
L 14.859 16.764 15.367 16.256 0 P 0
L 18.288 50.292 18.288 51.308 0 P 0
L 18.288 50.292 19.304 50.292 0 P 0
L 18.288 51.308 19.304 51.308 0 P 0
L 19.304 50.292 19.304 51.308 0 P 0
L 20.701 15.621 20.701 16.637 0 P 0
L 20.701 15.621 21.717 15.621 0 P 0
L 20.701 16.637 21.717 16.637 0 P 0
L 20.828 50.292 20.828 51.308 0 P 0
L 20.828 50.292 21.844 50.292 0 P 0
L 20.828 51.308 21.844 51.308 0 P 0
L 20.9042 15.8242 20.9042 16.4338 0 P 0
L 20.9042 15.8242 21.5138 15.8242 0 P 0
L 20.9042 16.4338 21.5138 16.4338 0 P 0
L 21.5138 15.8242 21.5138 16.4338 0 P 0
L 21.717 15.621 21.717 16.637 0 P 0
L 21.844 50.292 21.844 51.308 0 P 0
L 23.368 50.292 23.368 51.308 0 P 0
L 23.368 50.292 24.384 50.292 0 P 0
L 23.368 51.308 24.384 51.308 0 P 0
L 24.384 50.292 24.384 51.308 0 P 0
L 25.908 50.292 25.908 51.308 0 P 0
L 25.908 50.292 26.924 50.292 0 P 0
L 25.908 51.308 26.924 51.308 0 P 0
L 26.924 50.292 26.924 51.308 0 P 0
L 27.432 2.032 27.432 3.048 0 P 0
L 27.432 2.032 28.448 2.032 0 P 0
L 27.432 3.048 28.448 3.048 0 P 0
L 28.448 2.032 28.448 3.048 0 P 0
L 28.448 50.292 28.448 51.308 0 P 0
L 28.448 50.292 29.464 50.292 0 P 0
L 28.448 51.308 29.464 51.308 0 P 0
L 29.464 50.292 29.464 51.308 0 P 0
L 29.972 2.032 29.972 3.048 0 P 0
L 29.972 2.032 30.988 2.032 0 P 0
L 29.972 3.048 30.988 3.048 0 P 0
L 30.988 2.032 30.988 3.048 0 P 0
L 30.988 50.292 30.988 51.308 0 P 0
L 30.988 50.292 32.004 50.292 0 P 0
L 30.988 51.308 32.004 51.308 0 P 0
L 31.35050118 19.13949944 31.35050118 20.15549944 0 P 0
L 31.35050118 19.13949944 32.36650118 19.13949944 0 P 0
L 31.35050118 20.15549944 32.36650118 20.15549944 0 P 0
L 31.55370118 19.34269944 31.55370118 19.95229944 0 P 0
L 31.55370118 19.34269944 32.16330118 19.34269944 0 P 0
L 31.55370118 19.95229944 32.16330118 19.95229944 0 P 0
L 32.004 50.292 32.004 51.308 0 P 0
L 32.16330118 19.34269944 32.16330118 19.95229944 0 P 0
L 32.36650118 19.13949944 32.36650118 20.15549944 0 P 0
L 32.512 2.032 32.512 3.048 0 P 0
L 32.512 2.032 33.528 2.032 0 P 0
L 32.512 3.048 33.528 3.048 0 P 0
L 33.401 20.701 33.909 20.193 0 P 0
L 33.401 20.701 33.909 21.209 0 P 0
L 33.528 2.032 33.528 3.048 0 P 0
L 33.528 50.292 33.528 51.308 0 P 0
L 33.528 50.292 34.544 50.292 0 P 0
L 33.528 51.308 34.544 51.308 0 P 0
L 33.909 20.193 34.417 20.701 0 P 0
L 33.909 21.209 34.417 20.701 0 P 0
L 34.544 50.292 34.544 51.308 0 P 0
L 35.052 2.032 35.052 3.048 0 P 0
L 35.052 2.032 36.068 2.032 0 P 0
L 35.052 3.048 36.068 3.048 0 P 0
L 36.068 2.032 36.068 3.048 0 P 0
L 36.068 50.292 36.068 51.308 0 P 0
L 36.068 50.292 37.084 50.292 0 P 0
L 36.068 51.308 37.084 51.308 0 P 0
L 37.084 20.701 37.592 20.193 0 P 0
L 37.084 20.701 37.592 21.209 0 P 0
L 37.084 50.292 37.084 51.308 0 P 0
L 37.592 2.032 37.592 3.048 0 P 0
L 37.592 2.032 38.608 2.032 0 P 0
L 37.592 3.048 38.608 3.048 0 P 0
L 37.592 20.193 38.1 20.701 0 P 0
L 37.592 21.209 38.1 20.701 0 P 0
L 38.608 2.032 38.608 3.048 0 P 0
L 38.608 50.292 38.608 51.308 0 P 0
L 38.608 50.292 39.624 50.292 0 P 0
L 38.608 51.308 39.624 51.308 0 P 0
L 39.624 50.292 39.624 51.308 0 P 0
L 40.132 2.032 40.132 3.048 0 P 0
L 40.132 2.032 41.148 2.032 0 P 0
L 40.132 3.048 41.148 3.048 0 P 0
L 41.148 2.032 41.148 3.048 0 P 0
L 41.148 50.292 41.148 51.308 0 P 0
L 41.148 50.292 42.164 50.292 0 P 0
L 41.148 51.308 42.164 51.308 0 P 0
L 42.164 50.292 42.164 51.308 0 P 0
L 42.672 2.032 42.672 3.048 0 P 0
L 42.672 2.032 43.688 2.032 0 P 0
L 42.672 3.048 43.688 3.048 0 P 0
L 43.688 2.032 43.688 3.048 0 P 0
L 45.212 2.032 45.212 3.048 0 P 0
L 45.212 2.032 46.228 2.032 0 P 0
L 45.212 3.048 46.228 3.048 0 P 0
L 45.212 50.292 45.212 51.308 0 P 0
L 45.212 50.292 46.228 50.292 0 P 0
L 45.212 51.308 46.228 51.308 0 P 0
L 46.228 2.032 46.228 3.048 0 P 0
L 46.228 50.292 46.228 51.308 0 P 0
L 47.752 50.292 47.752 51.308 0 P 0
L 47.752 50.292 48.768 50.292 0 P 0
L 47.752 51.308 48.768 51.308 0 P 0
L 48.768 50.292 48.768 51.308 0 P 0
L 50.292 2.032 50.292 3.048 0 P 0
L 50.292 2.032 51.308 2.032 0 P 0
L 50.292 3.048 51.308 3.048 0 P 0
L 50.292 50.292 50.292 51.308 0 P 0
L 50.292 50.292 51.308 50.292 0 P 0
L 50.292 51.308 51.308 51.308 0 P 0
L 51.308 2.032 51.308 3.048 0 P 0
L 51.308 50.292 51.308 51.308 0 P 0
L 52.832 2.032 52.832 3.048 0 P 0
L 52.832 2.032 53.848 2.032 0 P 0
L 52.832 3.048 53.848 3.048 0 P 0
L 52.832 50.292 52.832 51.308 0 P 0
L 52.832 50.292 53.848 50.292 0 P 0
L 52.832 51.308 53.848 51.308 0 P 0
L 53.848 2.032 53.848 3.048 0 P 0
L 53.848 50.292 53.848 51.308 0 P 0
L 55.372 2.032 55.372 3.048 0 P 0
L 55.372 2.032 56.388 2.032 0 P 0
L 55.372 3.048 56.388 3.048 0 P 0
L 55.372 50.292 55.372 51.308 0 P 0
L 55.372 50.292 56.388 50.292 0 P 0
L 55.372 51.308 56.388 51.308 0 P 0
L 56.388 2.032 56.388 3.048 0 P 0
L 56.388 50.292 56.388 51.308 0 P 0
L 57.277 15.875 57.277 16.129 0 P 0
L 57.277 15.875 57.531 15.875 0 P 0
L 57.277 16.129 57.531 16.383 0 P 0
L 57.277 16.637 57.277 16.891 0 P 0
L 57.277 16.637 57.531 16.383 0 P 0
L 57.277 16.891 57.531 16.891 0 P 0
L 57.277 17.018 57.277 17.272 0 P 0
L 57.277 17.018 57.531 17.018 0 P 0
L 57.277 17.272 57.531 17.526 0 P 0
L 57.277 17.78 57.277 18.034 0 P 0
L 57.277 17.78 57.531 17.526 0 P 0
L 57.277 18.034 57.531 18.034 0 P 0
L 57.277 18.161 57.277 18.415 0 P 0
L 57.277 18.161 57.531 18.161 0 P 0
L 57.277 18.415 57.531 18.669 0 P 0
L 57.277 18.923 57.277 19.177 0 P 0
L 57.277 18.923 57.531 18.669 0 P 0
L 57.277 19.177 57.277 19.431 0 P 0
L 57.277 19.177 57.531 19.177 0 P 0
L 57.277 19.177 57.531 19.177 0 P 0
L 57.277 19.431 57.531 19.685 0 P 0
L 57.277 19.939 57.277 20.193 0 P 0
L 57.277 19.939 57.531 19.685 0 P 0
L 57.277 20.193 57.277 20.447 0 P 0
L 57.277 20.193 57.531 20.193 0 P 0
L 57.277 20.193 57.531 20.193 0 P 0
L 57.277 20.447 57.531 20.701 0 P 0
L 57.277 20.955 57.277 21.209 0 P 0
L 57.277 20.955 57.531 20.701 0 P 0
L 57.277 21.209 57.277 21.463 0 P 0
L 57.277 21.209 57.531 21.209 0 P 0
L 57.277 21.209 57.531 21.209 0 P 0
L 57.277 21.463 57.531 21.717 0 P 0
L 57.277 21.971 57.277 22.225 0 P 0
L 57.277 21.971 57.531 21.717 0 P 0
L 57.277 22.225 57.277 22.479 0 P 0
L 57.277 22.225 57.531 22.225 0 P 0
L 57.277 22.225 57.531 22.225 0 P 0
L 57.277 22.479 57.531 22.733 0 P 0
L 57.277 22.987 57.277 23.241 0 P 0
L 57.277 22.987 57.531 22.733 0 P 0
L 57.277 23.241 57.531 23.241 0 P 0
L 57.277 28.067 57.277 28.321 0 P 0
L 57.277 28.067 57.531 28.067 0 P 0
L 57.277 28.321 57.531 28.575 0 P 0
L 57.277 28.829 57.277 29.083 0 P 0
L 57.277 28.829 57.531 28.575 0 P 0
L 57.277 29.083 57.531 29.083 0 P 0
L 57.277 29.21 57.277 29.464 0 P 0
L 57.277 29.21 57.531 29.21 0 P 0
L 57.277 29.464 57.531 29.718 0 P 0
L 57.277 29.972 57.277 30.226 0 P 0
L 57.277 29.972 57.531 29.718 0 P 0
L 57.277 30.226 57.531 30.226 0 P 0
L 57.277 30.353 57.277 30.607 0 P 0
L 57.277 30.353 57.531 30.353 0 P 0
L 57.277 30.607 57.531 30.861 0 P 0
L 57.277 31.115 57.277 31.369 0 P 0
L 57.277 31.115 57.531 30.861 0 P 0
L 57.277 31.369 57.277 31.623 0 P 0
L 57.277 31.369 57.531 31.369 0 P 0
L 57.277 31.369 57.531 31.369 0 P 0
L 57.277 31.623 57.531 31.877 0 P 0
L 57.277 32.131 57.277 32.385 0 P 0
L 57.277 32.131 57.531 31.877 0 P 0
L 57.277 32.385 57.277 32.639 0 P 0
L 57.277 32.385 57.531 32.385 0 P 0
L 57.277 32.385 57.531 32.385 0 P 0
L 57.277 32.639 57.531 32.893 0 P 0
L 57.277 33.147 57.277 33.401 0 P 0
L 57.277 33.147 57.531 32.893 0 P 0
L 57.277 33.401 57.277 33.655 0 P 0
L 57.277 33.401 57.531 33.401 0 P 0
L 57.277 33.401 57.531 33.401 0 P 0
L 57.277 33.655 57.531 33.909 0 P 0
L 57.277 34.163 57.277 34.417 0 P 0
L 57.277 34.163 57.531 33.909 0 P 0
L 57.277 34.417 57.277 34.671 0 P 0
L 57.277 34.417 57.531 34.417 0 P 0
L 57.277 34.417 57.531 34.417 0 P 0
L 57.277 34.671 57.531 34.925 0 P 0
L 57.277 35.179 57.277 35.433 0 P 0
L 57.277 35.179 57.531 34.925 0 P 0
L 57.277 35.433 57.531 35.433 0 P 0
L 57.531 15.875 57.785 16.129 0 P 0
L 57.531 16.891 57.785 16.637 0 P 0
L 57.531 17.018 57.785 17.272 0 P 0
L 57.531 18.034 57.785 17.78 0 P 0
L 57.531 18.161 57.785 18.415 0 P 0
L 57.531 19.177 57.785 18.923 0 P 0
L 57.531 19.177 57.785 19.431 0 P 0
L 57.531 20.193 57.785 19.939 0 P 0
L 57.531 20.193 57.785 20.447 0 P 0
L 57.531 21.209 57.785 20.955 0 P 0
L 57.531 21.209 57.785 21.463 0 P 0
L 57.531 22.225 57.785 21.971 0 P 0
L 57.531 22.225 57.785 22.479 0 P 0
L 57.531 23.241 57.785 22.987 0 P 0
L 57.531 28.067 57.785 28.321 0 P 0
L 57.531 29.083 57.785 28.829 0 P 0
L 57.531 29.21 57.785 29.464 0 P 0
L 57.531 30.226 57.785 29.972 0 P 0
L 57.531 30.353 57.785 30.607 0 P 0
L 57.531 31.369 57.785 31.115 0 P 0
L 57.531 31.369 57.785 31.623 0 P 0
L 57.531 32.385 57.785 32.131 0 P 0
L 57.531 32.385 57.785 32.639 0 P 0
L 57.531 33.401 57.785 33.147 0 P 0
L 57.531 33.401 57.785 33.655 0 P 0
L 57.531 34.417 57.785 34.163 0 P 0
L 57.531 34.417 57.785 34.671 0 P 0
L 57.531 35.433 57.785 35.179 0 P 0
L 57.785 16.129 58.039 15.875 0 P 0
L 57.785 16.637 58.039 16.891 0 P 0
L 57.785 17.272 58.039 17.018 0 P 0
L 57.785 17.78 58.039 18.034 0 P 0
L 57.785 18.415 58.039 18.161 0 P 0
L 57.785 18.923 58.039 19.177 0 P 0
L 57.785 19.431 58.039 19.177 0 P 0
L 57.785 19.939 58.039 20.193 0 P 0
L 57.785 20.447 58.039 20.193 0 P 0
L 57.785 20.955 58.039 21.209 0 P 0
L 57.785 21.463 58.039 21.209 0 P 0
L 57.785 21.971 58.039 22.225 0 P 0
L 57.785 22.479 58.039 22.225 0 P 0
L 57.785 22.987 58.039 23.241 0 P 0
L 57.785 28.321 58.039 28.067 0 P 0
L 57.785 28.829 58.039 29.083 0 P 0
L 57.785 29.464 58.039 29.21 0 P 0
L 57.785 29.972 58.039 30.226 0 P 0
L 57.785 30.607 58.039 30.353 0 P 0
L 57.785 31.115 58.039 31.369 0 P 0
L 57.785 31.623 58.039 31.369 0 P 0
L 57.785 32.131 58.039 32.385 0 P 0
L 57.785 32.639 58.039 32.385 0 P 0
L 57.785 33.147 58.039 33.401 0 P 0
L 57.785 33.655 58.039 33.401 0 P 0
L 57.785 34.163 58.039 34.417 0 P 0
L 57.785 34.671 58.039 34.417 0 P 0
L 57.785 35.179 58.039 35.433 0 P 0
L 57.912 2.032 57.912 3.048 0 P 0
L 57.912 2.032 58.928 2.032 0 P 0
L 57.912 3.048 58.928 3.048 0 P 0
L 57.912 50.292 57.912 51.308 0 P 0
L 57.912 50.292 58.928 50.292 0 P 0
L 57.912 51.308 58.928 51.308 0 P 0
L 58.039 15.875 58.293 15.875 0 P 0
L 58.039 16.383 58.293 16.129 0 P 0
L 58.039 16.383 58.293 16.637 0 P 0
L 58.039 16.891 58.293 16.891 0 P 0
L 58.039 17.018 58.293 17.018 0 P 0
L 58.039 17.526 58.293 17.272 0 P 0
L 58.039 17.526 58.293 17.78 0 P 0
L 58.039 18.034 58.293 18.034 0 P 0
L 58.039 18.161 58.293 18.161 0 P 0
L 58.039 18.669 58.293 18.415 0 P 0
L 58.039 18.669 58.293 18.923 0 P 0
L 58.039 19.177 58.293 19.177 0 P 0
L 58.039 19.177 58.293 19.177 0 P 0
L 58.039 19.685 58.293 19.431 0 P 0
L 58.039 19.685 58.293 19.939 0 P 0
L 58.039 20.193 58.293 20.193 0 P 0
L 58.039 20.193 58.293 20.193 0 P 0
L 58.039 20.701 58.293 20.447 0 P 0
L 58.039 20.701 58.293 20.955 0 P 0
L 58.039 21.209 58.293 21.209 0 P 0
L 58.039 21.209 58.293 21.209 0 P 0
L 58.039 21.717 58.293 21.463 0 P 0
L 58.039 21.717 58.293 21.971 0 P 0
L 58.039 22.225 58.293 22.225 0 P 0
L 58.039 22.225 58.293 22.225 0 P 0
L 58.039 22.733 58.293 22.479 0 P 0
L 58.039 22.733 58.293 22.987 0 P 0
L 58.039 23.241 58.293 23.241 0 P 0
L 58.039 28.067 58.293 28.067 0 P 0
L 58.039 28.575 58.293 28.321 0 P 0
L 58.039 28.575 58.293 28.829 0 P 0
L 58.039 29.083 58.293 29.083 0 P 0
L 58.039 29.21 58.293 29.21 0 P 0
L 58.039 29.718 58.293 29.464 0 P 0
L 58.039 29.718 58.293 29.972 0 P 0
L 58.039 30.226 58.293 30.226 0 P 0
L 58.039 30.353 58.293 30.353 0 P 0
L 58.039 30.861 58.293 30.607 0 P 0
L 58.039 30.861 58.293 31.115 0 P 0
L 58.039 31.369 58.293 31.369 0 P 0
L 58.039 31.369 58.293 31.369 0 P 0
L 58.039 31.877 58.293 31.623 0 P 0
L 58.039 31.877 58.293 32.131 0 P 0
L 58.039 32.385 58.293 32.385 0 P 0
L 58.039 32.385 58.293 32.385 0 P 0
L 58.039 32.893 58.293 32.639 0 P 0
L 58.039 32.893 58.293 33.147 0 P 0
L 58.039 33.401 58.293 33.401 0 P 0
L 58.039 33.401 58.293 33.401 0 P 0
L 58.039 33.909 58.293 33.655 0 P 0
L 58.039 33.909 58.293 34.163 0 P 0
L 58.039 34.417 58.293 34.417 0 P 0
L 58.039 34.417 58.293 34.417 0 P 0
L 58.039 34.925 58.293 34.671 0 P 0
L 58.039 34.925 58.293 35.179 0 P 0
L 58.039 35.433 58.293 35.433 0 P 0
L 58.293 15.875 58.293 16.129 0 P 0
L 58.293 16.637 58.293 16.891 0 P 0
L 58.293 17.018 58.293 17.272 0 P 0
L 58.293 17.78 58.293 18.034 0 P 0
L 58.293 18.161 58.293 18.415 0 P 0
L 58.293 18.923 58.293 19.177 0 P 0
L 58.293 19.177 58.293 19.431 0 P 0
L 58.293 19.939 58.293 20.193 0 P 0
L 58.293 20.193 58.293 20.447 0 P 0
L 58.293 20.955 58.293 21.209 0 P 0
L 58.293 21.209 58.293 21.463 0 P 0
L 58.293 21.971 58.293 22.225 0 P 0
L 58.293 22.225 58.293 22.479 0 P 0
L 58.293 22.987 58.293 23.241 0 P 0
L 58.293 28.067 58.293 28.321 0 P 0
L 58.293 28.829 58.293 29.083 0 P 0
L 58.293 29.21 58.293 29.464 0 P 0
L 58.293 29.972 58.293 30.226 0 P 0
L 58.293 30.353 58.293 30.607 0 P 0
L 58.293 31.115 58.293 31.369 0 P 0
L 58.293 31.369 58.293 31.623 0 P 0
L 58.293 32.131 58.293 32.385 0 P 0
L 58.293 32.385 58.293 32.639 0 P 0
L 58.293 33.147 58.293 33.401 0 P 0
L 58.293 33.401 58.293 33.655 0 P 0
L 58.293 34.163 58.293 34.417 0 P 0
L 58.293 34.417 58.293 34.671 0 P 0
L 58.293 35.179 58.293 35.433 0 P 0
L 58.928 2.032 58.928 3.048 0 P 0
L 58.928 50.292 58.928 51.308 0 P 0
L 60.452 2.032 60.452 3.048 0 P 0
L 60.452 2.032 61.468 2.032 0 P 0
L 60.452 3.048 61.468 3.048 0 P 0
L 60.452 50.292 60.452 51.308 0 P 0
L 60.452 50.292 61.468 50.292 0 P 0
L 60.452 51.308 61.468 51.308 0 P 0
L 61.468 2.032 61.468 3.048 0 P 0
L 61.468 50.292 61.468 51.308 0 P 0
L 62.992 2.032 62.992 3.048 0 P 0
L 62.992 2.032 64.008 2.032 0 P 0
L 62.992 3.048 64.008 3.048 0 P 0
L 62.992 50.292 62.992 51.308 0 P 0
L 62.992 50.292 64.008 50.292 0 P 0
L 62.992 51.308 64.008 51.308 0 P 0
L 64.008 2.032 64.008 3.048 0 P 0
L 64.008 50.292 64.008 51.308 0 P 0
