UNITS=MM
#Layer_Color=9474304
#
#Feature symbol names
#
$0 r127

#
#Feature attribute names
#

#
#Layer features
#
L 3.048 22.86 4.572 22.86 0 P 0
L 3.048 30.48 4.572 30.48 0 P 0
L 3.81 22.098 3.81 23.622 0 P 0
L 3.81 29.718 3.81 31.242 0 P 0
L 10.541 16.256 11.049 16.256 0 P 0
L 10.795 16.002 10.795 16.51 0 P 0
L 14.605 16.256 15.113 16.256 0 P 0
L 14.859 16.002 14.859 16.51 0 P 0
L 18.415 50.8 19.177 50.8 0 P 0
L 18.796 50.419 18.796 51.181 0 P 0
L 20.955 50.8 21.717 50.8 0 P 0
L 21.082 16.129 21.336 16.129 0 P 0
L 21.209 16.002 21.209 16.256 0 P 0
L 21.336 50.419 21.336 51.181 0 P 0
L 23.495 50.8 24.257 50.8 0 P 0
L 23.876 50.419 23.876 51.181 0 P 0
L 26.035 50.8 26.797 50.8 0 P 0
L 26.416 50.419 26.416 51.181 0 P 0
L 27.559 2.54 28.321 2.54 0 P 0
L 27.94 2.159 27.94 2.921 0 P 0
L 28.575 50.8 29.337 50.8 0 P 0
L 28.956 50.419 28.956 51.181 0 P 0
L 30.099 2.54 30.861 2.54 0 P 0
L 30.48 2.159 30.48 2.921 0 P 0
L 31.115 50.8 31.877 50.8 0 P 0
L 31.496 50.419 31.496 51.181 0 P 0
L 31.73150118 19.64749944 31.98550118 19.64749944 0 P 0
L 31.85850118 19.52049944 31.85850118 19.77449944 0 P 0
L 32.639 2.54 33.401 2.54 0 P 0
L 33.02 2.159 33.02 2.921 0 P 0
L 33.655 20.701 34.163 20.701 0 P 0
L 33.655 50.8 34.417 50.8 0 P 0
L 33.909 20.447 33.909 20.955 0 P 0
L 34.036 50.419 34.036 51.181 0 P 0
L 35.179 2.54 35.941 2.54 0 P 0
L 35.56 2.159 35.56 2.921 0 P 0
L 36.195 50.8 36.957 50.8 0 P 0
L 36.576 50.419 36.576 51.181 0 P 0
L 37.338 20.701 37.846 20.701 0 P 0
L 37.592 20.447 37.592 20.955 0 P 0
L 37.719 2.54 38.481 2.54 0 P 0
L 38.1 2.159 38.1 2.921 0 P 0
L 38.735 50.8 39.497 50.8 0 P 0
L 39.116 50.419 39.116 51.181 0 P 0
L 40.259 2.54 41.021 2.54 0 P 0
L 40.64 2.159 40.64 2.921 0 P 0
L 41.275 50.8 42.037 50.8 0 P 0
L 41.656 50.419 41.656 51.181 0 P 0
L 42.799 2.54 43.561 2.54 0 P 0
L 43.18 2.159 43.18 2.921 0 P 0
L 45.339 2.54 46.101 2.54 0 P 0
L 45.339 50.8 46.101 50.8 0 P 0
L 45.72 2.159 45.72 2.921 0 P 0
L 45.72 50.419 45.72 51.181 0 P 0
L 47.879 50.8 48.641 50.8 0 P 0
L 48.26 50.419 48.26 51.181 0 P 0
L 50.419 2.54 51.181 2.54 0 P 0
L 50.419 50.8 51.181 50.8 0 P 0
L 50.8 2.159 50.8 2.921 0 P 0
L 50.8 50.419 50.8 51.181 0 P 0
L 52.959 2.54 53.721 2.54 0 P 0
L 52.959 50.8 53.721 50.8 0 P 0
L 53.34 2.159 53.34 2.921 0 P 0
L 53.34 50.419 53.34 51.181 0 P 0
L 55.499 2.54 56.261 2.54 0 P 0
L 55.499 50.8 56.261 50.8 0 P 0
L 55.88 2.159 55.88 2.921 0 P 0
L 55.88 50.419 55.88 51.181 0 P 0
L 57.658 16.383 57.912 16.383 0 P 0
L 57.658 17.526 57.912 17.526 0 P 0
L 57.658 18.669 57.912 18.669 0 P 0
L 57.658 19.685 57.912 19.685 0 P 0
L 57.658 20.701 57.912 20.701 0 P 0
L 57.658 21.717 57.912 21.717 0 P 0
L 57.658 22.733 57.912 22.733 0 P 0
L 57.658 28.575 57.912 28.575 0 P 0
L 57.658 29.718 57.912 29.718 0 P 0
L 57.658 30.861 57.912 30.861 0 P 0
L 57.658 31.877 57.912 31.877 0 P 0
L 57.658 32.893 57.912 32.893 0 P 0
L 57.658 33.909 57.912 33.909 0 P 0
L 57.658 34.925 57.912 34.925 0 P 0
L 57.785 16.256 57.785 16.51 0 P 0
L 57.785 17.399 57.785 17.653 0 P 0
L 57.785 18.542 57.785 18.796 0 P 0
L 57.785 19.558 57.785 19.812 0 P 0
L 57.785 20.574 57.785 20.828 0 P 0
L 57.785 21.59 57.785 21.844 0 P 0
L 57.785 22.606 57.785 22.86 0 P 0
L 57.785 28.448 57.785 28.702 0 P 0
L 57.785 29.591 57.785 29.845 0 P 0
L 57.785 30.734 57.785 30.988 0 P 0
L 57.785 31.75 57.785 32.004 0 P 0
L 57.785 32.766 57.785 33.02 0 P 0
L 57.785 33.782 57.785 34.036 0 P 0
L 57.785 34.798 57.785 35.052 0 P 0
L 58.039 2.54 58.801 2.54 0 P 0
L 58.039 50.8 58.801 50.8 0 P 0
L 58.42 2.159 58.42 2.921 0 P 0
L 58.42 50.419 58.42 51.181 0 P 0
L 60.579 2.54 61.341 2.54 0 P 0
L 60.579 50.8 61.341 50.8 0 P 0
L 60.96 2.159 60.96 2.921 0 P 0
L 60.96 50.419 60.96 51.181 0 P 0
L 63.119 2.54 63.881 2.54 0 P 0
L 63.119 50.8 63.881 50.8 0 P 0
L 63.5 2.159 63.5 2.921 0 P 0
L 63.5 50.419 63.5 51.181 0 P 0
