UNITS=MM
#Layer_Color=9474304
#
#Feature symbol names
#
$0 r127

#
#Feature attribute names
#

#
#Layer features
#
L 57.277 15.875 57.277 16.129 0 P 0
L 57.277 15.875 57.531 15.875 0 P 0
L 57.277 16.129 57.531 16.383 0 P 0
L 57.277 16.637 57.277 16.891 0 P 0
L 57.277 16.637 57.531 16.383 0 P 0
L 57.277 16.891 57.531 16.891 0 P 0
L 57.277 17.018 57.277 17.272 0 P 0
L 57.277 17.018 57.531 17.018 0 P 0
L 57.277 17.272 57.531 17.526 0 P 0
L 57.277 17.78 57.277 18.034 0 P 0
L 57.277 17.78 57.531 17.526 0 P 0
L 57.277 18.034 57.531 18.034 0 P 0
L 57.277 18.161 57.277 18.415 0 P 0
L 57.277 18.161 57.531 18.161 0 P 0
L 57.277 18.415 57.531 18.669 0 P 0
L 57.277 18.923 57.277 19.177 0 P 0
L 57.277 18.923 57.531 18.669 0 P 0
L 57.277 19.177 57.277 19.431 0 P 0
L 57.277 19.177 57.531 19.177 0 P 0
L 57.277 19.177 57.531 19.177 0 P 0
L 57.277 19.431 57.531 19.685 0 P 0
L 57.277 19.939 57.277 20.193 0 P 0
L 57.277 19.939 57.531 19.685 0 P 0
L 57.277 20.193 57.277 20.447 0 P 0
L 57.277 20.193 57.531 20.193 0 P 0
L 57.277 20.193 57.531 20.193 0 P 0
L 57.277 20.447 57.531 20.701 0 P 0
L 57.277 20.955 57.277 21.209 0 P 0
L 57.277 20.955 57.531 20.701 0 P 0
L 57.277 21.209 57.277 21.463 0 P 0
L 57.277 21.209 57.531 21.209 0 P 0
L 57.277 21.209 57.531 21.209 0 P 0
L 57.277 21.463 57.531 21.717 0 P 0
L 57.277 21.971 57.277 22.225 0 P 0
L 57.277 21.971 57.531 21.717 0 P 0
L 57.277 22.225 57.277 22.479 0 P 0
L 57.277 22.225 57.531 22.225 0 P 0
L 57.277 22.225 57.531 22.225 0 P 0
L 57.277 22.479 57.531 22.733 0 P 0
L 57.277 22.987 57.277 23.241 0 P 0
L 57.277 22.987 57.531 22.733 0 P 0
L 57.277 23.241 57.531 23.241 0 P 0
L 57.277 28.067 57.277 28.321 0 P 0
L 57.277 28.067 57.531 28.067 0 P 0
L 57.277 28.321 57.531 28.575 0 P 0
L 57.277 28.829 57.277 29.083 0 P 0
L 57.277 28.829 57.531 28.575 0 P 0
L 57.277 29.083 57.531 29.083 0 P 0
L 57.277 29.21 57.277 29.464 0 P 0
L 57.277 29.21 57.531 29.21 0 P 0
L 57.277 29.464 57.531 29.718 0 P 0
L 57.277 29.972 57.277 30.226 0 P 0
L 57.277 29.972 57.531 29.718 0 P 0
L 57.277 30.226 57.531 30.226 0 P 0
L 57.277 30.353 57.277 30.607 0 P 0
L 57.277 30.353 57.531 30.353 0 P 0
L 57.277 30.607 57.531 30.861 0 P 0
L 57.277 31.115 57.277 31.369 0 P 0
L 57.277 31.115 57.531 30.861 0 P 0
L 57.277 31.369 57.277 31.623 0 P 0
L 57.277 31.369 57.531 31.369 0 P 0
L 57.277 31.369 57.531 31.369 0 P 0
L 57.277 31.623 57.531 31.877 0 P 0
L 57.277 32.131 57.277 32.385 0 P 0
L 57.277 32.131 57.531 31.877 0 P 0
L 57.277 32.385 57.277 32.639 0 P 0
L 57.277 32.385 57.531 32.385 0 P 0
L 57.277 32.385 57.531 32.385 0 P 0
L 57.277 32.639 57.531 32.893 0 P 0
L 57.277 33.147 57.277 33.401 0 P 0
L 57.277 33.147 57.531 32.893 0 P 0
L 57.277 33.401 57.277 33.655 0 P 0
L 57.277 33.401 57.531 33.401 0 P 0
L 57.277 33.401 57.531 33.401 0 P 0
L 57.277 33.655 57.531 33.909 0 P 0
L 57.277 34.163 57.277 34.417 0 P 0
L 57.277 34.163 57.531 33.909 0 P 0
L 57.277 34.417 57.277 34.671 0 P 0
L 57.277 34.417 57.531 34.417 0 P 0
L 57.277 34.417 57.531 34.417 0 P 0
L 57.277 34.671 57.531 34.925 0 P 0
L 57.277 35.179 57.277 35.433 0 P 0
L 57.277 35.179 57.531 34.925 0 P 0
L 57.277 35.433 57.531 35.433 0 P 0
L 57.531 15.875 57.785 16.129 0 P 0
L 57.531 16.891 57.785 16.637 0 P 0
L 57.531 17.018 57.785 17.272 0 P 0
L 57.531 18.034 57.785 17.78 0 P 0
L 57.531 18.161 57.785 18.415 0 P 0
L 57.531 19.177 57.785 18.923 0 P 0
L 57.531 19.177 57.785 19.431 0 P 0
L 57.531 20.193 57.785 19.939 0 P 0
L 57.531 20.193 57.785 20.447 0 P 0
L 57.531 21.209 57.785 20.955 0 P 0
L 57.531 21.209 57.785 21.463 0 P 0
L 57.531 22.225 57.785 21.971 0 P 0
L 57.531 22.225 57.785 22.479 0 P 0
L 57.531 23.241 57.785 22.987 0 P 0
L 57.531 28.067 57.785 28.321 0 P 0
L 57.531 29.083 57.785 28.829 0 P 0
L 57.531 29.21 57.785 29.464 0 P 0
L 57.531 30.226 57.785 29.972 0 P 0
L 57.531 30.353 57.785 30.607 0 P 0
L 57.531 31.369 57.785 31.115 0 P 0
L 57.531 31.369 57.785 31.623 0 P 0
L 57.531 32.385 57.785 32.131 0 P 0
L 57.531 32.385 57.785 32.639 0 P 0
L 57.531 33.401 57.785 33.147 0 P 0
L 57.531 33.401 57.785 33.655 0 P 0
L 57.531 34.417 57.785 34.163 0 P 0
L 57.531 34.417 57.785 34.671 0 P 0
L 57.531 35.433 57.785 35.179 0 P 0
L 57.785 16.129 58.039 15.875 0 P 0
L 57.785 16.637 58.039 16.891 0 P 0
L 57.785 17.272 58.039 17.018 0 P 0
L 57.785 17.78 58.039 18.034 0 P 0
L 57.785 18.415 58.039 18.161 0 P 0
L 57.785 18.923 58.039 19.177 0 P 0
L 57.785 19.431 58.039 19.177 0 P 0
L 57.785 19.939 58.039 20.193 0 P 0
L 57.785 20.447 58.039 20.193 0 P 0
L 57.785 20.955 58.039 21.209 0 P 0
L 57.785 21.463 58.039 21.209 0 P 0
L 57.785 21.971 58.039 22.225 0 P 0
L 57.785 22.479 58.039 22.225 0 P 0
L 57.785 22.987 58.039 23.241 0 P 0
L 57.785 28.321 58.039 28.067 0 P 0
L 57.785 28.829 58.039 29.083 0 P 0
L 57.785 29.464 58.039 29.21 0 P 0
L 57.785 29.972 58.039 30.226 0 P 0
L 57.785 30.607 58.039 30.353 0 P 0
L 57.785 31.115 58.039 31.369 0 P 0
L 57.785 31.623 58.039 31.369 0 P 0
L 57.785 32.131 58.039 32.385 0 P 0
L 57.785 32.639 58.039 32.385 0 P 0
L 57.785 33.147 58.039 33.401 0 P 0
L 57.785 33.655 58.039 33.401 0 P 0
L 57.785 34.163 58.039 34.417 0 P 0
L 57.785 34.671 58.039 34.417 0 P 0
L 57.785 35.179 58.039 35.433 0 P 0
L 58.039 15.875 58.293 15.875 0 P 0
L 58.039 16.383 58.293 16.129 0 P 0
L 58.039 16.383 58.293 16.637 0 P 0
L 58.039 16.891 58.293 16.891 0 P 0
L 58.039 17.018 58.293 17.018 0 P 0
L 58.039 17.526 58.293 17.272 0 P 0
L 58.039 17.526 58.293 17.78 0 P 0
L 58.039 18.034 58.293 18.034 0 P 0
L 58.039 18.161 58.293 18.161 0 P 0
L 58.039 18.669 58.293 18.415 0 P 0
L 58.039 18.669 58.293 18.923 0 P 0
L 58.039 19.177 58.293 19.177 0 P 0
L 58.039 19.177 58.293 19.177 0 P 0
L 58.039 19.685 58.293 19.431 0 P 0
L 58.039 19.685 58.293 19.939 0 P 0
L 58.039 20.193 58.293 20.193 0 P 0
L 58.039 20.193 58.293 20.193 0 P 0
L 58.039 20.701 58.293 20.447 0 P 0
L 58.039 20.701 58.293 20.955 0 P 0
L 58.039 21.209 58.293 21.209 0 P 0
L 58.039 21.209 58.293 21.209 0 P 0
L 58.039 21.717 58.293 21.463 0 P 0
L 58.039 21.717 58.293 21.971 0 P 0
L 58.039 22.225 58.293 22.225 0 P 0
L 58.039 22.225 58.293 22.225 0 P 0
L 58.039 22.733 58.293 22.479 0 P 0
L 58.039 22.733 58.293 22.987 0 P 0
L 58.039 23.241 58.293 23.241 0 P 0
L 58.039 28.067 58.293 28.067 0 P 0
L 58.039 28.575 58.293 28.321 0 P 0
L 58.039 28.575 58.293 28.829 0 P 0
L 58.039 29.083 58.293 29.083 0 P 0
L 58.039 29.21 58.293 29.21 0 P 0
L 58.039 29.718 58.293 29.464 0 P 0
L 58.039 29.718 58.293 29.972 0 P 0
L 58.039 30.226 58.293 30.226 0 P 0
L 58.039 30.353 58.293 30.353 0 P 0
L 58.039 30.861 58.293 30.607 0 P 0
L 58.039 30.861 58.293 31.115 0 P 0
L 58.039 31.369 58.293 31.369 0 P 0
L 58.039 31.369 58.293 31.369 0 P 0
L 58.039 31.877 58.293 31.623 0 P 0
L 58.039 31.877 58.293 32.131 0 P 0
L 58.039 32.385 58.293 32.385 0 P 0
L 58.039 32.385 58.293 32.385 0 P 0
L 58.039 32.893 58.293 32.639 0 P 0
L 58.039 32.893 58.293 33.147 0 P 0
L 58.039 33.401 58.293 33.401 0 P 0
L 58.039 33.401 58.293 33.401 0 P 0
L 58.039 33.909 58.293 33.655 0 P 0
L 58.039 33.909 58.293 34.163 0 P 0
L 58.039 34.417 58.293 34.417 0 P 0
L 58.039 34.417 58.293 34.417 0 P 0
L 58.039 34.925 58.293 34.671 0 P 0
L 58.039 34.925 58.293 35.179 0 P 0
L 58.039 35.433 58.293 35.433 0 P 0
L 58.293 15.875 58.293 16.129 0 P 0
L 58.293 16.637 58.293 16.891 0 P 0
L 58.293 17.018 58.293 17.272 0 P 0
L 58.293 17.78 58.293 18.034 0 P 0
L 58.293 18.161 58.293 18.415 0 P 0
L 58.293 18.923 58.293 19.177 0 P 0
L 58.293 19.177 58.293 19.431 0 P 0
L 58.293 19.939 58.293 20.193 0 P 0
L 58.293 20.193 58.293 20.447 0 P 0
L 58.293 20.955 58.293 21.209 0 P 0
L 58.293 21.209 58.293 21.463 0 P 0
L 58.293 21.971 58.293 22.225 0 P 0
L 58.293 22.225 58.293 22.479 0 P 0
L 58.293 22.987 58.293 23.241 0 P 0
L 58.293 28.067 58.293 28.321 0 P 0
L 58.293 28.829 58.293 29.083 0 P 0
L 58.293 29.21 58.293 29.464 0 P 0
L 58.293 29.972 58.293 30.226 0 P 0
L 58.293 30.353 58.293 30.607 0 P 0
L 58.293 31.115 58.293 31.369 0 P 0
L 58.293 31.369 58.293 31.623 0 P 0
L 58.293 32.131 58.293 32.385 0 P 0
L 58.293 32.385 58.293 32.639 0 P 0
L 58.293 33.147 58.293 33.401 0 P 0
L 58.293 33.401 58.293 33.655 0 P 0
L 58.293 34.163 58.293 34.417 0 P 0
L 58.293 34.417 58.293 34.671 0 P 0
L 58.293 35.179 58.293 35.433 0 P 0
